v3.0 hex words addressed
00: 1004 1109 1606 1701 120e 3001 3067 3062 1402 1500 3045 1005 1103 3001 1205 3062
10: 3067 1007 1102 3001 100c 3060 3062 3045 1003 3010 1003 1102 1207 3001 3002 100a
20: 0000 0000 2640 2750 0000 0000 0000 0000 0000 0000 0000 0000 0000 0000 1300 3030
30: 1600 170a 1003 1404 3004 1102 120b 3012 1302 3001 110d 3001 7534 3005 0000 3067
40: 3004 1202 3027 3002 130d 3003 7544 3005 0000 0000 0000 0000 0000 0000 0000 3067
50: 3004 110d 3021 3002 3001 130f 4523 1301 7553 7554 3005 0000 0000 0000 0000 3067
60: 3004 110b 3021 3002 110d 3001 7542 3005 0000 0000 0000 0000 0000 0000 0000 3067
70: 0000 0000 0000 0000 0000 0000 0000 0000 0000 0000 0000 0000 0000 0000 0000 0000
80: 0000 0000 0000 0000 0000 0000 0000 0000 0000 0000 0000 0000 0000 0000 0000 0000
90: 0000 0000 0000 0000 0000 0000 0000 0000 0000 0000 0000 0000 0000 0000 0000 0000
a0: 0000 0000 0000 0000 0000 0000 0000 0000 0000 0000 0000 0000 0000 0000 0000 0000
b0: 0000 0000 0000 0000 0000 0000 0000 0000 0000 0000 0000 0000 0000 0000 0000 0000
c0: 0000 0000 0000 0000 0000 0000 0000 0000 0000 0000 0000 0000 0000 0000 0000 0000
d0: 0000 0000 0000 0000 0000 0000 0000 0000 0000 0000 0000 0000 0000 0000 0000 0000
e0: 0000 0000 0000 0000 0000 0000 0000 0000 0000 0000 0000 0000 0000 0000 0000 0000
f0: 3004 110d 3021 3002 3001 f542 3005 0000 0000 0000 0000 0000 0000 0000 0000 3067
